180031173
180031174
180031176
180031177
180031178
180031180
180031181
180031182
180031184
180031186
180031188
180031189
180031190
180031191
180031192
180031196
180031197
180031198
180031200
180031201
180031202
180031204
180031207
180031209
180031210
180031211
180031213
180031216
180031217
180031218
180031219
180031220
180031223
180031224
180031226
180031227
180031232
180031234
180031235
180031236
180031238
180031240
180031241
180031242
180031244
180031248
180031249
180031250
180031251
180031253
180031255
190010074